1700007757.773801 0.0000000 0.0000000 0.0000000 0.0000000 0.0000000 0.0000000 1.0000000
1700007759.764549 -0.0027115 -0.0068311 0.0601576 0.0034407 0.0006593 -0.0058033 0.9999770
1700007760.795381 -0.0033092 -0.0098697 0.0896670 0.0038066 -0.0005128 -0.0044234 0.9999828
1700007761.762249 -0.0040987 -0.0130285 0.1187513 0.0037620 -0.0029865 -0.0031051 0.9999837
1700007762.765532 -0.0053766 -0.0162916 0.1472239 0.0027979 -0.0075837 -0.0024251 0.9999644
1700007764.774703 -0.0096153 -0.0228127 0.2030198 0.0020772 -0.0229552 -0.0023253 0.9997317
1700007765.764409 -0.0126167 -0.0256636 0.2304012 0.0028905 -0.0335675 -0.0020134 0.9994302
1700007766.773977 -0.0162032 -0.0283721 0.2564863 0.0030591 -0.0464999 -0.0018450 0.9989119
1700007767.774280 -0.0203856 -0.0308484 0.2821912 0.0031430 -0.0618018 -0.0016791 0.9980821
1700007768.797653 -0.0252661 -0.0338334 0.3072117 0.0019520 -0.0791181 -0.0017832 0.9968618
1700007770.775043 -0.0381518 -0.0396167 0.3561479 -0.0012515 -0.1174797 -0.0067461 0.9930516
1700007771.774285 -0.0463076 -0.0422343 0.3807817 -0.0019931 -0.1374479 -0.0115504 0.9904397
1700007772.774283 -0.0556716 -0.0445984 0.4052360 -0.0023876 -0.1578348 -0.0159442 0.9873339
1700007773.794903 -0.0658468 -0.0471202 0.4300708 -0.0026974 -0.1790864 -0.0187650 0.9836507
1700007774.793356 -0.0773147 -0.0495471 0.4556048 -0.0036329 -0.2001901 -0.0204459 0.9795370
1700007775.793300 -0.0903396 -0.0522236 0.4814902 -0.0054235 -0.2212453 -0.0206946 0.9749835
1700007777.787509 -0.1219865 -0.0563507 0.5329487 -0.0098600 -0.2627245 -0.0291372 0.9643804
1700007778.773185 -0.1403567 -0.0590641 0.5582870 -0.0128880 -0.2835712 -0.0327732 0.9583043
1700007779.797432 -0.1601188 -0.0614171 0.5839441 -0.0144760 -0.3043810 -0.0337042 0.9518439
1700007780.792263 -0.1817624 -0.0635847 0.6091950 -0.0158798 -0.3239364 -0.0323475 0.9453924
1700007781.774747 -0.2051049 -0.0655203 0.6339132 -0.0162978 -0.3428275 -0.0325435 0.9386930
1700007782.774655 -0.2301763 -0.0672975 0.6586770 -0.0169446 -0.3610460 -0.0346002 0.9317518
1700007783.764871 -0.2567378 -0.0688383 0.6833985 -0.0171226 -0.3783399 -0.0375325 0.9247470
1700007784.774295 -0.2849390 -0.0707827 0.7077656 -0.0176776 -0.3946536 -0.0394170 0.9178139
1700007785.779039 -0.3142201 -0.0726385 0.7322099 -0.0181007 -0.4108163 -0.0386861 0.9107171
1700007786.770165 -0.3448150 -0.0740377 0.7566547 -0.0177312 -0.4265747 -0.0373395 0.9035073
1700007787.775373 -0.3769859 -0.0756976 0.7806503 -0.0173372 -0.4410720 -0.0366312 0.8965562
1700007788.765793 -0.4109774 -0.0769822 0.8030400 -0.0159987 -0.4529227 -0.0392915 0.8905399
1700007789.774508 -0.4463938 -0.0783930 0.8259750 -0.0156241 -0.4624957 -0.0434407 0.8854188
1700007790.774681 -0.4828274 -0.0796794 0.8487241 -0.0161076 -0.4697804 -0.0467613 0.8813968
1700007791.775490 -0.5201182 -0.0810343 0.8719789 -0.0180428 -0.4752571 -0.0488314 0.8783056
1700007792.772341 -0.5581444 -0.0822726 0.8953209 -0.0200002 -0.4788750 -0.0491529 0.8762778
1700007793.799358 -0.5976220 -0.0833203 0.9197703 -0.0201475 -0.4814748 -0.0495120 0.8748283
1700007794.775222 -0.6380041 -0.0845327 0.9443089 -0.0197511 -0.4831366 -0.0498643 0.8739007
1700007795.775158 -0.6787897 -0.0853899 0.9693877 -0.0193841 -0.4843595 -0.0493473 0.8732611
1700007796.764802 -0.7204807 -0.0861892 0.9946182 -0.0201581 -0.4850308 -0.0486499 0.8729100
1700007797.775085 -0.7628564 -0.0872437 1.0206791 -0.0217319 -0.4855308 -0.0484704 0.8726043
1700007798.775069 -0.8060207 -0.0882414 1.0470519 -0.0226927 -0.4857589 -0.0490516 0.8724204
1700007799.775474 -0.8499813 -0.0891906 1.0738949 -0.0229672 -0.4861694 -0.0491752 0.8721775
1700007800.774728 -0.8945395 -0.0901787 1.1009153 -0.0234365 -0.4861794 -0.0486634 0.8721882
1700007801.775278 -0.9399325 -0.0907459 1.1285698 -0.0233128 -0.4861139 -0.0485994 0.8722315
1700007802.761225 -0.9861783 -0.0917545 1.1568804 -0.0228614 -0.4859219 -0.0486911 0.8723454
1700007803.797642 -1.0327309 -0.0925432 1.1854062 -0.0223407 -0.4857996 -0.0486383 0.8724300
1700007804.776130 -1.0796926 -0.0938201 1.2141545 -0.0224597 -0.4858323 -0.0482185 0.8724319
1700007805.765857 -1.1269557 -0.0945656 1.2426461 -0.0224933 -0.4855351 -0.0475020 0.8726358
1700007806.775068 -1.1752180 -0.0956642 1.2720644 -0.0226466 -0.4854119 -0.0479660 0.8726750
1700007807.773927 -1.2237625 -0.0964163 1.3021969 -0.0231703 -0.4854642 -0.0483769 0.8726095
1700007808.764733 -1.2728714 -0.0972754 1.3319122 -0.0246410 -0.4853147 -0.0492434 0.8726039
1700007809.774905 -1.3224984 -0.0978248 1.3624485 -0.0261970 -0.4853449 -0.0490025 0.8725553
1700007810.765089 -1.3731047 -0.0988532 1.3933054 -0.0268999 -0.4853718 -0.0488190 0.8725293
1700007811.762300 -1.4238687 -0.0997509 1.4243864 -0.0262855 -0.4855444 -0.0481903 0.8724869
1700007812.762487 -1.4754494 -0.1002604 1.4559447 -0.0258840 -0.4856831 -0.0475625 0.8724562
1700007813.765364 -1.5275691 -0.1008495 1.4874001 -0.0261766 -0.4857224 -0.0478272 0.8724111
1700007814.763159 -1.5799253 -0.1014966 1.5193260 -0.0275845 -0.4855270 -0.0477277 0.8724819
1700007815.764575 -1.6324573 -0.1023882 1.5516036 -0.0281494 -0.4855038 -0.0476341 0.8724819
1700007816.791828 -1.6855788 -0.1028821 1.5836202 -0.0277476 -0.4851338 -0.0484925 0.8726533
1700007817.768211 -1.7387882 -0.1031640 1.6162494 -0.0284800 -0.4850502 -0.0496990 0.8726083
1700007818.775246 -1.7924052 -0.1038166 1.6489712 -0.0296966 -0.4849592 -0.0505534 0.8725692
1700007819.875341 -1.8460361 -0.1043075 1.6817164 -0.0291547 -0.4847716 -0.0509684 0.8726676
1700007820.791356 -1.8997078 -0.1045937 1.7142050 -0.0270572 -0.4844680 -0.0504137 0.8729359
1700007821.813513 -1.9536276 -0.1050599 1.7470837 -0.0254990 -0.4844126 -0.0500298 0.8730357
1700007822.775458 -2.0074809 -0.1059928 1.7797097 -0.0255729 -0.4842178 -0.0494539 0.8731744
1700007823.765824 -2.0619364 -0.1067049 1.8133397 -0.0265943 -0.4841658 -0.0494570 0.8731725
1700007824.775123 -2.1164415 -0.1074827 1.8469783 -0.0280337 -0.4839922 -0.0497254 0.8732085
1700007825.775308 -2.1713989 -0.1080575 1.8803549 -0.0292523 -0.4837161 -0.0502578 0.8732910
1700007826.764798 -2.2261536 -0.1086108 1.9143523 -0.0313188 -0.4836363 -0.0501551 0.8732694
1700007827.773848 -2.2806411 -0.1086264 1.9481122 -0.0328766 -0.4835797 -0.0506011 0.8732178
1700007829.765135 -2.3903434 -0.1096335 2.0151086 -0.0281485 -0.4838713 -0.0511343 0.8731904
1700007830.869716 -2.4453502 -0.1104963 2.0486691 -0.0216244 -0.4841719 -0.0490026 0.8733320
1700007832.775295 -2.5560586 -0.1126797 2.1154695 -0.0183909 -0.4835795 -0.0519217 0.8735656
1700007833.797940 -2.6111214 -0.1143031 2.1483207 -0.0225281 -0.4831332 -0.0551132 0.8735201
1700007835.762225 -2.7215114 -0.1159096 2.2162869 -0.0258222 -0.4836451 -0.0556630 0.8731107
1700007836.762397 -2.7766976 -0.1162809 2.2499306 -0.0247844 -0.4839076 -0.0549479 0.8730406
1700007838.765606 -2.8879583 -0.1175967 2.3171566 -0.0225112 -0.4841067 -0.0560488 0.8729218
1700007840.761242 -3.0007668 -0.1194707 2.3850477 -0.0217078 -0.4844719 -0.0578546 0.8726217
1700007841.773272 -3.0566988 -0.1200311 2.4185266 -0.0217824 -0.4846201 -0.0585384 0.8724919
1700007843.762878 -3.1686852 -0.1214747 2.4862797 -0.0228005 -0.4849078 -0.0604232 0.8721775
1700007845.774709 -3.2784474 -0.1222948 2.5523212 -0.0240319 -0.4851185 -0.0626227 0.8718721
1700007847.869320 -3.3850517 -0.1234459 2.6167486 -0.0234573 -0.4854171 -0.0616280 0.8717924
1700007849.881798 -3.4907892 -0.1246766 2.6807101 -0.0222933 -0.4857191 -0.0605279 0.8717318
1700007851.775452 -3.5943077 -0.1263484 2.7435012 -0.0224699 -0.4860911 -0.0594431 0.8715945
1700007853.766027 -3.6951749 -0.1276826 2.8040419 -0.0231630 -0.4860425 -0.0602833 0.8715458
1700007855.774311 -3.7927871 -0.1289412 2.8628190 -0.0240378 -0.4859434 -0.0610377 0.8715249
1700007857.774240 -3.8863416 -0.1302243 2.9193716 -0.0236261 -0.4857806 -0.0620962 0.8715521
1700007859.774667 -3.9752262 -0.1312479 2.9729600 -0.0228904 -0.4855656 -0.0619121 0.8717046
1700007861.796514 -4.0589995 -0.1322097 3.0235245 -0.0231195 -0.4848192 -0.0629386 0.8720405
1700007863.774230 -4.1383367 -0.1333832 3.0723660 -0.0237236 -0.4842346 -0.0620411 0.8724133
1700007865.774762 -4.2160759 -0.1346080 3.1201065 -0.0224664 -0.4837697 -0.0601340 0.8728379
1700007867.774990 -4.2929873 -0.1355579 3.1684437 -0.0230506 -0.4834388 -0.0591390 0.8730740
1700007868.773906 -4.3307147 -0.1359275 3.1919112 -0.0233934 -0.4830334 -0.0595194 0.8732634
1700007870.773441 -4.4045372 -0.1364093 3.2383711 -0.0243521 -0.4825354 -0.0593644 0.8735230
1700007872.773482 -4.4754643 -0.1373620 3.2834494 -0.0243837 -0.4819921 -0.0587886 0.8738610
1700007874.773530 -4.5430946 -0.1378720 3.3258770 -0.0249357 -0.4811848 -0.0600209 0.8742064
1700007875.864192 -4.5754614 -0.1383461 3.3466573 -0.0247394 -0.4812171 -0.0597325 0.8742140
1700007877.773312 -4.6372209 -0.1391656 3.3859870 -0.0236413 -0.4811596 -0.0577670 0.8744081
1700007879.774814 -4.6942883 -0.1392879 3.4215982 -0.0225803 -0.4821903 -0.0573625 0.8738948
1700007880.774801 -4.7215281 -0.1394172 3.4387972 -0.0232263 -0.4833837 -0.0569231 0.8732471
1700007882.764583 -4.7759142 -0.1410991 3.4714141 -0.0258753 -0.4897629 -0.0545602 0.8697620
1700007883.772931 -4.8032408 -0.1411626 3.4870718 -0.0268030 -0.4952795 -0.0528646 0.8667094
1700007887.806203 -4.9098353 -0.1416347 3.5363758 -0.0283006 -0.5339085 -0.0506269 0.8435507
1700007888.778911 -4.9370317 -0.1415712 3.5456405 -0.0291464 -0.5474513 -0.0508885 0.8347802
1700007889.787096 -4.9641314 -0.1417055 3.5529292 -0.0303486 -0.5621580 -0.0513108 0.8248785
1700007890.785280 -4.9913831 -0.1414065 3.5590236 -0.0309000 -0.5781803 -0.0525146 0.8136308
1700007891.773392 -5.0190248 -0.1411190 3.5643907 -0.0314631 -0.5952742 -0.0541546 0.8010780
1700007893.774858 -5.0668588 -0.1409021 3.5711186 -0.0319461 -0.6313335 -0.0573495 0.7727279
1700007895.807599 -5.1205983 -0.1401490 3.5724814 -0.0316669 -0.6686629 -0.0607510 0.7404029
1700007896.787361 -5.1504240 -0.1396759 3.5716972 -0.0317956 -0.6878309 -0.0619486 0.7225235
1700007897.780890 -5.1820230 -0.1384569 3.5692053 -0.0326592 -0.7069292 -0.0633591 0.7036833
1700007898.793694 -5.2149115 -0.1382199 3.5648513 -0.0348823 -0.7259158 -0.0653202 0.6837856
1700007899.784593 -5.2490973 -0.1369500 3.5583892 -0.0364856 -0.7446886 -0.0676191 0.6629745
1700007900.805360 -5.2847228 -0.1356216 3.5502777 -0.0382261 -0.7633046 -0.0690214 0.6412027
1700007901.779825 -5.3223786 -0.1342269 3.5396590 -0.0399821 -0.7814859 -0.0702426 0.6186656
1700007902.790389 -5.3615146 -0.1324531 3.5265157 -0.0416015 -0.7990170 -0.0704563 0.5957156
1700007903.789827 -5.4012241 -0.1306436 3.5101373 -0.0441787 -0.8153172 -0.0705079 0.5730051
1700007904.786606 -5.4412751 -0.1285728 3.4905105 -0.0450737 -0.8307282 -0.0708529 0.5503079
1700007905.776060 -5.4832387 -0.1257807 3.4683614 -0.0457733 -0.8453397 -0.0712859 0.5274693
1700007906.840687 -5.5240173 -0.1226793 3.4421349 -0.0464792 -0.8584193 -0.0720477 0.5057323
1700007907.788013 -5.5662050 -0.1199499 3.4136374 0.0485829 0.8704292 0.0725356 -0.4844909
1700007908.785318 -5.6095924 -0.1163456 3.3819742 0.0483699 0.8811303 0.0722879 -0.4648055
1700007909.795520 -5.6539345 -0.1132789 3.3466632 0.0467808 0.8903788 0.0721562 -0.4470242
1700007910.775615 -5.6988125 -0.1091516 3.3080790 0.0443401 0.8983586 0.0718001 -0.4310805
1700007911.797310 -5.7440662 -0.1045942 3.2669678 0.0430602 0.9050916 0.0714016 -0.4169613
1700007912.796607 -5.7895923 -0.1001080 3.2234621 0.0436216 0.9108476 0.0717389 -0.4041130
1700007913.809970 -5.8383350 -0.0952905 3.1748440 0.0431626 0.9158633 0.0736611 -0.3923078
1700007914.814377 -5.8851442 -0.0907023 3.1249616 0.0418758 0.9201784 0.0759562 -0.3817707
1700007915.811313 -5.9330482 -0.0857251 3.0727260 0.0416584 0.9240755 0.0772873 -0.3719890
1700007916.801121 -5.9812765 -0.0805163 3.0185628 0.0420222 0.9274020 0.0784347 -0.3633285
1700007917.799743 -6.0299931 -0.0750943 2.9623454 0.0420610 0.9301639 0.0796135 -0.3559321
1700007918.887618 -6.0789504 -0.0693992 2.9048786 0.0399960 0.9324378 0.0812586 -0.3497959
1700007919.814232 -6.1274629 -0.0632950 2.8459494 0.0388727 0.9338111 0.0824210 -0.3459660
1700007920.794506 -6.1766834 -0.0572929 2.7869935 0.0390648 0.9349139 0.0831304 -0.3427816
1700007921.810460 -6.2249970 -0.0511472 2.7278125 0.0394892 0.9360970 0.0838655 -0.3393076
1700007922.796204 -6.2736268 -0.0451880 2.6675260 0.0410040 0.9376581 0.0843609 -0.3346628
1700007923.805078 -6.3210745 -0.0389943 2.6066635 0.0412312 0.9394342 0.0850035 -0.3294508
1700007924.787424 -6.3680692 -0.0327950 2.5449927 0.0412219 0.9410863 0.0853469 -0.3246124
1700007925.798963 -6.4142423 -0.0266881 2.4823599 0.0403061 0.9427201 0.0857762 -0.3198385
1700007926.803066 -6.4602966 -0.0208355 2.4196136 0.0396031 0.9443484 0.0860222 -0.3150204
1700007927.812774 -6.5058770 -0.0140455 2.3555191 0.0392481 0.9459315 0.0860827 -0.3102627
1700007929.801076 -6.5954709 -0.0013921 2.2274134 0.0389523 0.9490123 0.0870355 -0.3004715
1700007930.811434 -6.6389380 0.0052675 2.1621673 0.0379465 0.9506306 0.0874288 -0.2953266
1700007931.797924 -6.6822820 0.0116916 2.0967216 0.0394820 0.9521822 0.0872041 -0.2901475
1700007932.784407 -6.7248769 0.0182449 2.0304053 0.0396629 0.9537981 0.0869862 -0.2848322
1700007933.777510 -6.7665143 0.0248876 1.9632056 0.0365529 0.9555839 0.0863413 -0.2794074
1700007934.914157 -6.8071375 0.0308447 1.8953832 0.0340904 0.9572420 0.0858815 -0.2741349
1700007935.762120 -6.8474240 0.0376671 1.8275552 0.0335851 0.9588977 0.0848785 -0.2686688
1700007936.763446 -6.8869233 0.0437966 1.7596029 0.0338100 0.9602498 0.0854091 -0.2635953
1700007937.762388 -6.9250789 0.0496626 1.6907252 0.0321813 0.9615341 0.0872621 -0.2584607
1700007938.761176 -6.9631219 0.0559462 1.6219122 0.0316030 0.9628936 0.0885550 -0.2529727
1700007939.918596 -7.0007024 0.0623602 1.5524476 0.0321216 0.9642111 0.0894943 -0.2474993
1700007940.782566 -7.0371552 0.0681181 1.4824383 0.0327627 0.9655163 0.0899095 -0.2421182
1700007941.976587 -7.0732737 0.0745681 1.4114867 0.0312302 0.9669213 0.0897415 -0.2367156
1700007942.801551 -7.1073227 0.0808449 1.3407447 0.0288555 0.9683796 0.0886602 -0.2314037
1700007943.811507 -7.1411142 0.0868556 1.2701052 0.0289875 0.9697067 0.0885123 -0.2258190
1700007944.783817 -7.1737256 0.0936571 1.1994131 0.0287909 0.9708439 0.0902468 -0.2202018
1700007945.806209 -7.2054029 0.1005682 1.1280726 0.0276257 0.9717761 0.0939164 -0.2146342
1700007946.762821 -7.2356939 0.1069410 1.0573319 0.0283206 0.9726964 0.0966700 -0.2090803
1700007947.993567 -7.2661648 0.1139536 0.9856195 0.0292798 0.9738299 0.0975762 -0.2031670
1700007948.808082 -7.2956915 0.1213524 0.9138499 0.0304126 0.9749931 0.0970118 -0.1976167
1700007949.907507 -7.3246460 0.1287138 0.8415383 0.0306247 0.9761645 0.0963923 -0.1920249
1700007951.007575 -7.3531241 0.1359013 0.7681040 0.0306969 0.9773131 0.0960798 -0.1862404
1700007951.800323 -7.3801308 0.1440393 0.6939477 0.0303117 0.9783162 0.0960213 -0.1809927
1700007952.806349 -7.4067264 0.1511033 0.6192564 0.0302684 0.9791996 0.0963704 -0.1759676
1700007953.812986 -7.4325342 0.1584979 0.5445281 0.0303277 0.9800591 0.0964192 -0.1710779
1700007954.785866 -7.4579902 0.1659334 0.4689344 0.0299789 0.9809144 0.0965437 -0.1660948
1700007955.765844 -7.4823203 0.1734218 0.3924907 0.0292673 0.9817603 0.0962668 -0.1613161
1700007956.821974 -7.5072155 0.1810900 0.3145879 0.0290552 0.9825260 0.0962449 -0.1566377
1700007957.819358 -7.5313683 0.1885461 0.2367047 0.0289520 0.9832269 0.0964140 -0.1520887
1700007958.798405 -7.5546460 0.1963331 0.1583752 0.0286211 0.9838675 0.0964668 -0.1479181
1700007959.803627 -7.5773005 0.2038809 0.0793189 0.0280519 0.9844909 0.0962348 -0.1439778
1700007960.815775 -7.5994110 0.2118349 -0.0003453 0.0271551 0.9850946 0.0960350 -0.1401016
1700007961.839392 -7.6214790 0.2195812 -0.0813253 0.0270128 0.9856374 0.0960115 -0.1362754
1700007962.854262 -7.6426702 0.2274027 -0.1626161 0.0266169 0.9861153 0.0962498 -0.1326803
1700007963.814936 -7.6637068 0.2350911 -0.2447265 0.0265042 0.9865705 0.0963475 -0.1292023
1700007964.800795 -7.6843596 0.2429841 -0.3271158 0.0260953 0.9870421 0.0962917 -0.1256778
1700007965.841768 -7.7045460 0.2508410 -0.4108125 0.0256013 0.9874948 0.0962958 -0.1221712
1700007966.815905 -7.7240882 0.2592063 -0.4945206 0.0250627 0.9878695 0.0966854 -0.1189020
1700007967.808238 -7.7432184 0.2670979 -0.5787700 0.0248639 0.9881777 0.0972149 -0.1159132
1700007968.817092 -7.7628741 0.2754102 -0.6635673 0.0250805 0.9884496 0.0978902 -0.1129423
1700007969.837224 -7.7807560 0.2836429 -0.7495033 0.0241168 0.9886700 0.0986760 -0.1105126
1700007970.797904 -7.7995377 0.2917943 -0.8348992 0.0243410 0.9888738 0.0995916 -0.1077847
1700007971.799896 -7.8178520 0.3001526 -0.9217596 0.0235520 0.9891536 0.0997093 -0.1052546
1700007972.815010 -7.8344989 0.3085922 -1.0079829 0.0220779 0.9894447 0.0991078 -0.1033894
1700007973.802411 -7.8526549 0.3169544 -1.0945231 0.0222208 0.9897463 0.0979821 -0.1015289
1700007974.807399 -7.8701639 0.3250900 -1.1804489 0.0240675 0.9899219 0.0971846 -0.1001529
1700007975.815990 -7.8873105 0.3334183 -1.2667409 0.0238010 0.9901533 0.0965756 -0.0985043
1700007976.806598 -7.9033628 0.3412346 -1.3535374 0.0242696 0.9901872 0.0972652 -0.0973645
1700007977.806554 -7.9206071 0.3500397 -1.4397683 0.0258326 0.9901863 0.0988708 -0.0953326
1700007978.806561 -7.9369717 0.3583000 -1.5267369 0.0272542 0.9902574 0.0994659 -0.0935628
1700007979.883702 -7.9522824 0.3662419 -1.6137872 0.0273445 0.9904369 0.0990955 -0.0920177
1700007980.802563 -7.9677014 0.3752663 -1.7014560 0.0271998 0.9907545 0.0978648 -0.0899335
1700007981.933976 -7.9830141 0.3844335 -1.7886697 0.0274109 0.9908712 0.0984243 -0.0879520
1700007983.169656 -7.9976082 0.3928283 -1.8751917 0.0274707 0.9908639 0.1002631 -0.0859151
1700007984.916496 -8.0117493 0.4015972 -1.9621406 0.0283013 0.9909689 0.1007332 -0.0838593
1700007985.691470 -8.0255537 0.4106793 -2.0504687 0.0286855 0.9910566 0.1015067 -0.0817334
1700007986.808478 -8.0518503 0.4286507 -2.2245507 0.0283773 0.9910156 0.1049821 -0.0778568
1700007988.605786 -8.0639477 0.4380080 -2.3118587 0.0271317 0.9912097 0.1047129 -0.0761725
1700007989.777547 -8.0891542 0.4561630 -2.4864085 0.0257108 0.9917201 0.1023998 -0.0731054
1700007990.955002 -8.1010475 0.4648065 -2.5728812 0.0251265 0.9918223 0.1025889 -0.0716428
1700007991.822474 -8.1127234 0.4736106 -2.6591039 0.0252405 0.9918833 0.1029993 -0.0701534
1700007992.814400 -8.1238413 0.4822380 -2.7459700 0.0257695 0.9918992 0.1035694 -0.0688862
1700007994.088542 -8.1354885 0.4913121 -2.8324974 0.0249790 0.9919902 0.1039110 -0.0673349
1700007994.761277 -8.1465311 0.5001717 -2.9190955 0.0241824 0.9920142 0.1046489 -0.0661179
1700007995.761549 -8.1568985 0.5091629 -3.0048645 0.0241730 0.9920309 0.1049094 -0.0654556
1700007996.760950 -8.1679468 0.5182517 -3.0904994 0.0246393 0.9920828 0.1047369 -0.0647665
1700007997.763675 -8.1783619 0.5271002 -3.1751850 0.0242984 0.9921020 0.1049063 -0.0643260
1700007998.763153 -8.1884871 0.5359240 -3.2589252 0.0237945 0.9920751 0.1055590 -0.0638600
1700007999.774821 -8.1989021 0.5448594 -3.3417377 0.0239019 0.9919971 0.1066526 -0.0632112
1700008000.764488 -8.2093105 0.5535246 -3.4238007 0.0243270 0.9919320 0.1074163 -0.0627751
1700008001.764540 -8.2190866 0.5622149 -3.5044358 0.0240189 0.9919099 0.1078485 -0.0625021
1700008002.764446 -8.2290993 0.5703364 -3.5840769 0.0228459 0.9918923 0.1084608 -0.0621604
1700008003.764524 -8.2376194 0.5783854 -3.6604075 0.0215271 0.9918489 0.1090102 -0.0623628
1700008004.764385 -8.2467384 0.5874818 -3.7357187 0.0216950 0.9917637 0.1095222 -0.0627607
1700008005.764536 -8.2562571 0.5951943 -3.8096790 0.0217276 0.9916342 0.1103570 -0.0633311
1700008006.764261 -8.2653704 0.6031919 -3.8814135 0.0216247 0.9915448 0.1108011 -0.0639872
1700008007.764331 -8.2745371 0.6116019 -3.9515719 0.0218543 0.9914751 0.1108961 -0.0648189
1700008008.764339 -8.2832460 0.6193600 -4.0202723 0.0215741 0.9914363 0.1107877 -0.0656866
1700008009.764330 -8.2919092 0.6271506 -4.0870180 0.0217425 0.9914176 0.1103902 -0.0665759
1700008011.762494 -8.3101377 0.6427961 -4.2205410 0.0225373 0.9912975 0.1103046 -0.0682209
1700008012.761331 -8.3202047 0.6503310 -4.2868934 0.0234507 0.9912069 0.1105442 -0.0688401
1700008013.763012 -8.3291063 0.6577396 -4.3534522 0.0225963 0.9912254 0.1101040 -0.0695611
1700008014.763259 -8.3374338 0.6653681 -4.4200530 0.0197186 0.9913077 0.1094224 -0.0703339
1700008015.774936 -8.3458462 0.6731254 -4.4869194 0.0188004 0.9913931 0.1083299 -0.0710686
1700008016.761018 -8.3558588 0.6811995 -4.5532432 0.0200323 0.9914821 0.1070819 -0.0713821
1700008017.761176 -8.3658113 0.6888610 -4.6197867 0.0217857 0.9913952 0.1071224 -0.0720121
1700008018.760881 -8.3753748 0.6963078 -4.6860118 0.0207248 0.9913120 0.1077996 -0.0724581
1700008020.761377 -8.3943396 0.7114138 -4.8189726 0.0196898 0.9909962 0.1105670 -0.0728948
1700008021.764002 -8.4043570 0.7194069 -4.8850222 0.0216887 0.9908178 0.1116854 -0.0730482
1700008022.764132 -8.4151840 0.7273276 -4.9520054 0.0234333 0.9906621 0.1127582 -0.0729736
1700008023.775299 -8.4246178 0.7352110 -5.0192609 0.0228270 0.9906707 0.1125589 -0.0733555
1700008025.774995 -8.4433575 0.7522523 -5.1566629 0.0180507 0.9910361 0.1100071 -0.0736208
1700008026.774695 -8.4529829 0.7608829 -5.2271848 0.0156495 0.9910401 0.1101078 -0.0739663
1700008027.766532 -8.4627190 0.7699853 -5.2979484 0.0127022 0.9908765 0.1118064 -0.0741740
1700008028.774344 -8.4727402 0.7786488 -5.3696065 0.0122688 0.9906775 0.1130680 -0.0749884
1700008029.762935 -8.4840698 0.7871394 -5.4425883 0.0127039 0.9908400 0.1111164 -0.0756835
1700008030.764020 -8.4943695 0.7951369 -5.5164633 0.0118305 0.9910882 0.1082225 -0.0767599
1700008031.774264 -8.5058975 0.8044316 -5.5899949 0.0101691 0.9913644 0.1048994 -0.0780350
1700008032.775036 -8.5186281 0.8139378 -5.6651263 0.0115741 0.9913290 0.1043222 -0.0790558
1700008033.764525 -8.5313282 0.8228462 -5.7401710 0.0156846 0.9908260 0.1077300 -0.0800752
1700008034.764304 -8.5446205 0.8315192 -5.8156066 0.0196630 0.9901527 0.1120771 -0.0815463
1700008035.764475 -8.5582209 0.8410306 -5.8926930 0.0210626 0.9897369 0.1145936 -0.0827378
1700008036.767393 -8.5708075 0.8507317 -5.9699802 0.0218394 0.9896104 0.1144846 -0.0841882
1700008037.764379 -8.5837059 0.8607400 -6.0490041 0.0213627 0.9896726 0.1130206 -0.0855459
1700008038.762508 -8.5976286 0.8708149 -6.1286416 0.0217602 0.9897476 0.1113040 -0.0868193
1700008039.772075 -8.6126118 0.8808680 -6.2088618 0.0234703 0.9897224 0.1101759 -0.0880906
1700008040.761530 -8.6275024 0.8913719 -6.2900977 0.0248434 0.9896684 0.1095607 -0.0890832
1700008041.765175 -8.6422997 0.9011780 -6.3715458 0.0260254 0.9895469 0.1095628 -0.0900868
1700008042.774658 -8.6578951 0.9106184 -6.4538736 0.0271583 0.9894364 0.1097732 -0.0907077
1700008043.764646 -8.6732111 0.9202958 -6.5363574 0.0285830 0.9893489 0.1096418 -0.0913811
1700008044.774487 -8.6892242 0.9309581 -6.6195049 0.0303882 0.9891675 0.1102296 -0.0920527
1700008045.774727 -8.7050953 0.9409119 -6.7025046 0.0309992 0.9889560 0.1116515 -0.0924062
1700008046.774027 -8.7206163 0.9517148 -6.7868137 0.0313916 0.9887469 0.1131394 -0.0927020
1700008047.763401 -8.7364454 0.9622331 -6.8714652 0.0316069 0.9886394 0.1140765 -0.0926262
1700008048.764102 -8.7517853 0.9733043 -6.9564247 0.0302372 0.9886489 0.1144040 -0.0925786
1700008049.762671 -8.7676649 0.9845087 -7.0424323 0.0289303 0.9886593 0.1144793 -0.0927920
1700008050.761771 -8.7834272 0.9958588 -7.1291122 0.0276838 0.9886820 0.1144192 -0.0930039
1700008051.774809 -8.7991762 1.0069180 -7.2154713 0.0273895 0.9886848 0.1141016 -0.0934502
1700008052.763422 -8.8153925 1.0186100 -7.3030143 0.0268925 0.9887277 0.1133090 -0.0941028
1700008053.773542 -8.8322077 1.0296048 -7.3913798 0.0269210 0.9887366 0.1125652 -0.0948913
1700008054.764236 -8.8497601 1.0410317 -7.4800396 0.0275726 0.9887092 0.1118958 -0.0957767
1700008055.775018 -8.8672314 1.0523361 -7.5695286 0.0282002 0.9885652 0.1121182 -0.0968146
1700008056.762049 -8.8851681 1.0640481 -7.6599369 0.0288816 0.9883192 0.1131802 -0.0978843
1700008057.764283 -8.9035006 1.0763597 -7.7512550 0.0271372 0.9879581 0.1158824 -0.0988614
1700008058.764802 -8.9221182 1.0882536 -7.8432846 0.0283986 0.9875173 0.1178242 -0.1006008
1700008059.761541 -8.9410696 1.1009492 -7.9361758 0.0281906 0.9872863 0.1184210 -0.1022134
1700008060.761881 -8.9602728 1.1138602 -8.0296040 0.0270382 0.9871290 0.1183116 -0.1041514
1700008061.764759 -8.9810648 1.1274369 -8.1235943 0.0278469 0.9868555 0.1188597 -0.1058922
1700008062.770941 -9.0019445 1.1409690 -8.2181416 0.0293597 0.9864848 0.1201463 -0.1074734
1700008063.762791 -9.0229874 1.1543943 -8.3128538 0.0303024 0.9861569 0.1207994 -0.1094708
1700008064.765096 -9.0444756 1.1678475 -8.4083271 0.0306502 0.9860660 0.1197892 -0.1112880
1700008065.762111 -9.0663538 1.1816521 -8.5046206 0.0311964 0.9860405 0.1181299 -0.1131201
1700008066.761763 -9.0884504 1.1955901 -8.6009941 0.0313078 0.9859833 0.1170698 -0.1146796
1700008067.761349 -9.1120949 1.2091266 -8.6980953 0.0326026 0.9857100 0.1177351 -0.1159803
1700008068.764836 -9.1357002 1.2229495 -8.7948284 0.0328342 0.9854879 0.1185327 -0.1169851
1700008069.761179 -9.1587572 1.2364925 -8.8925438 0.0325447 0.9853153 0.1187915 -0.1182501
1700008070.762962 -9.1817694 1.2499896 -8.9904308 0.0300644 0.9854407 0.1174554 -0.1191934
1700008071.762323 -9.2051868 1.2633582 -9.0891066 0.0286497 0.9855687 0.1154027 -0.1204813
1700008072.764589 -9.2299423 1.2772880 -9.1871405 0.0297043 0.9853508 0.1157621 -0.1216574
1700008073.766370 -9.2540417 1.2910925 -9.2846899 0.0298600 0.9848574 0.1188856 -0.1225992
1700008074.771176 -9.2795458 1.3043026 -9.3829870 0.0299778 0.9844844 0.1213652 -0.1231356
1700008075.765213 -9.3047657 1.3188890 -9.4807682 0.0310135 0.9845334 0.1201214 -0.1237049
1700008076.764258 -9.3305407 1.3326796 -9.5793800 0.0317385 0.9846093 0.1183245 -0.1246455
1700008077.762978 -9.3558254 1.3465309 -9.6780758 0.0309385 0.9846330 0.1172603 -0.1256611
1700008078.774252 -9.3806753 1.3600037 -9.7768450 0.0295482 0.9844921 0.1176753 -0.1267073
1700008079.764744 -9.4061213 1.3738978 -9.8761196 0.0290402 0.9842242 0.1189995 -0.1276657
1700008080.764841 -9.4314575 1.3876898 -9.9747162 0.0289804 0.9840497 0.1193675 -0.1286764
1700008081.764021 -9.4580364 1.4017397 -10.0736904 0.0290005 0.9840628 0.1184346 -0.1294321
1700008082.772827 -9.4840946 1.4154570 -10.1723661 0.0287621 0.9840705 0.1173090 -0.1304476
1700008083.774916 -9.5101986 1.4292964 -10.2716475 0.0287918 0.9839430 0.1172834 -0.1314223
1700008084.772310 -9.5373201 1.4427428 -10.3705635 0.0293926 0.9837008 0.1182212 -0.1322598
1700008085.762828 -9.5638676 1.4561347 -10.4690752 0.0296236 0.9834750 0.1189351 -0.1332433
1700008086.761556 -9.5912256 1.4701687 -10.5678043 0.0294833 0.9833011 0.1192815 -0.1342443
1700008087.773869 -9.6183052 1.4841691 -10.6671534 0.0291195 0.9831531 0.1189200 -0.1357207
1700008088.763371 -9.6476927 1.4985464 -10.7668591 0.0297142 0.9830512 0.1181799 -0.1369700
1700008089.765541 -9.6757793 1.5126340 -10.8664436 0.0300971 0.9829078 0.1173138 -0.1386504
1700008090.764235 -9.7046890 1.5263124 -10.9658279 0.0300692 0.9827220 0.1169003 -0.1403125
1700008091.762162 -9.7339935 1.5405573 -11.0658159 0.0301893 0.9825060 0.1167952 -0.1418782
1700008092.761206 -9.7639074 1.5545546 -11.1661873 0.0316552 0.9821593 0.1171605 -0.1436470
1700008093.761509 -9.7945290 1.5687950 -11.2667313 0.0328242 0.9817378 0.1183495 -0.1452819
1700008094.770455 -9.8253841 1.5830110 -11.3676710 0.0333822 0.9814011 0.1187988 -0.1470520
1700008095.765693 -9.8564281 1.5976588 -11.4681826 0.0344362 0.9811012 0.1188370 -0.1487699
1700008096.772015 -9.8884468 1.6127408 -11.5688534 0.0350396 0.9808185 0.1190184 -0.1503394
1700008097.761146 -9.9202461 1.6276190 -11.6703091 0.0358340 0.9804199 0.1197008 -0.1521989
1700008098.760563 -9.9528303 1.6426927 -11.7719240 0.0356242 0.9801461 0.1199892 -0.1537763
1700008099.760747 -9.9855137 1.6578333 -11.8730612 0.0354376 0.9799740 0.1194674 -0.1553150
1700008100.761915 -10.0181742 1.6728944 -11.9743185 0.0360909 0.9797505 0.1190442 -0.1568916
1700008101.761210 -10.0513945 1.6881381 -12.0758724 0.0359443 0.9794767 0.1195353 -0.1582552
1700008102.759661 -10.0845594 1.7031349 -12.1781940 0.0340402 0.9794033 0.1185796 -0.1598417
1700008103.763849 -10.1187143 1.7175100 -12.2798710 0.0344802 0.9794170 0.1161906 -0.1614099
1700008104.764011 -10.1537008 1.7323604 -12.3822498 0.0354051 0.9793664 0.1141770 -0.1629469
1700008105.771512 -10.1881533 1.7469521 -12.4844608 0.0344965 0.9791411 0.1148640 -0.1640093
1700008106.761572 -10.2234058 1.7605721 -12.5863676 0.0353832 0.9790620 0.1139947 -0.1648965
1700008107.761601 -10.2582321 1.7748361 -12.6877012 0.0371092 0.9788378 0.1140843 -0.1657834
1700008108.774269 -10.2941141 1.7894645 -12.7893915 0.0392095 0.9785600 0.1147397 -0.1664862
1700008109.759938 -10.3300581 1.8040544 -12.8922338 0.0386164 0.9783199 0.1163529 -0.1669162
1700008110.764416 -10.3644400 1.8188053 -12.9948530 0.0374282 0.9780499 0.1180119 -0.1676029
1700008111.761179 -10.4000168 1.8342757 -13.0975409 0.0367436 0.9778317 0.1191557 -0.1682172
1700008112.761159 -10.4366550 1.8505119 -13.2011127 0.0359826 0.9774732 0.1212360 -0.1689770
1700008113.761347 -10.4726343 1.8659827 -13.3039589 0.0348776 0.9772459 0.1220135 -0.1699608
1700008114.761149 -10.5088739 1.8819081 -13.4071579 0.0340534 0.9770207 0.1225337 -0.1710452
1700008115.764374 -10.5452814 1.8976893 -13.5096197 0.0331726 0.9769254 0.1221943 -0.1720024
1700008116.761719 -10.5820360 1.9136653 -13.6120319 0.0326813 0.9766718 0.1225130 -0.1733053
1700008117.764763 -10.6195211 1.9295396 -13.7139349 0.0322201 0.9764502 0.1224389 -0.1746871
1700008118.761400 -10.6561565 1.9447832 -13.8148308 0.0318327 0.9761679 0.1221416 -0.1765340
1700008119.764724 -10.6935387 1.9598848 -13.9144850 0.0317841 0.9760246 0.1209192 -0.1781694
1700008120.760533 -10.7307596 1.9743617 -14.0128708 0.0310095 0.9759094 0.1193939 -0.1799565
1700008121.761882 -10.7681017 1.9881235 -14.1102076 0.0307140 0.9757328 0.1181174 -0.1817977
1700008122.761814 -10.8043032 2.0022247 -14.2052202 0.0300550 0.9754012 0.1180003 -0.1837530
1700008123.766133 -10.8407822 2.0155561 -14.2991676 0.0292872 0.9749346 0.1194564 -0.1854047
1700008124.762208 -10.8764954 2.0289977 -14.3903513 0.0285212 0.9745735 0.1200655 -0.1870221
1700008125.762795 -10.9135456 2.0426741 -14.4828625 0.0284300 0.9743971 0.1192306 -0.1884837
1700008126.763535 -10.9520512 2.0569830 -14.5770655 0.0286145 0.9742736 0.1183708 -0.1896327
1700008128.774422 -11.0270967 2.0845735 -14.7614079 0.0277214 0.9740073 0.1181668 -0.1912535
1700008129.771508 -11.0640745 2.0976961 -14.8530865 0.0271615 0.9738885 0.1180675 -0.1919991
1700008131.763634 -11.1393557 2.1246555 -15.0352898 0.0258683 0.9738001 0.1180540 -0.1926332
1700008132.761946 -11.1756973 2.1377075 -15.1245108 0.0263739 0.9737450 0.1181879 -0.1927604
1700008133.773316 -11.2125301 2.1505926 -15.2137012 0.0268818 0.9737616 0.1185891 -0.1923597
1700008134.762610 -11.2482586 2.1634259 -15.3018589 0.0274551 0.9738735 0.1181828 -0.1919620
1700008135.773769 -11.2835989 2.1755323 -15.3883648 0.0280578 0.9740830 0.1176370 -0.1911454
1700008136.761585 -11.3177338 2.1876731 -15.4736204 0.0288201 0.9742029 0.1175037 -0.1905018
1700008137.762086 -11.3528166 2.2005489 -15.5595636 0.0289879 0.9742007 0.1186595 -0.1897697
1700008138.772615 -11.3861170 2.2127378 -15.6435919 0.0287727 0.9741403 0.1201026 -0.1892042
1700008139.773998 -11.4189138 2.2252901 -15.7265263 0.0296298 0.9740652 0.1208225 -0.1889996
1700008140.774178 -11.4520464 2.2375495 -15.8080702 0.0303817 0.9741808 0.1203387 -0.1885931
1700008141.761885 -11.4838371 2.2495704 -15.8882208 0.0299472 0.9741216 0.1208416 -0.1886470
1700008142.774832 -11.5150099 2.2614284 -15.9670763 0.0295499 0.9741183 0.1208547 -0.1887181
1700008143.775900 -11.5469856 2.2738516 -16.0447311 0.0294320 0.9740015 0.1211696 -0.1891371
1700008144.771806 -11.5766144 2.2851093 -16.1205730 0.0275640 0.9737073 0.1216828 -0.1905982
1700008145.762580 -11.6067801 2.2965550 -16.1946182 0.0263598 0.9733218 0.1219500 -0.1925566
1700008147.763114 -11.6663208 2.3178644 -16.3367748 0.0249118 0.9721527 0.1225392 -0.1981987
1700008149.762594 -11.7245312 2.3387592 -16.4707527 0.0232379 0.9708124 0.1218545 -0.2052674
1700008151.764556 -11.7826176 2.3578081 -16.5972900 0.0224863 0.9691937 0.1209718 -0.2133629
1700008153.769951 -11.8420343 2.3775215 -16.7185326 0.0215357 0.9667569 0.1222275 -0.2235568
1700008155.771020 -11.9018345 2.3964758 -16.8323288 0.0234797 0.9626501 0.1265332 -0.2382075
1700008156.763295 -11.9329185 2.4053962 -16.8866463 0.0240446 0.9601974 0.1284696 -0.2468571
1700008157.765393 -11.9645081 2.4140735 -16.9387741 0.0244318 0.9575918 0.1292264 -0.2563623
1700008159.773772 -12.0291262 2.4318964 -17.0379162 0.0242901 0.9515972 0.1283057 -0.2782274
1700008160.760911 -12.0626974 2.4406199 -17.0853577 0.0244414 0.9477016 0.1278072 -0.2914271
1700008161.761346 -12.0969124 2.4489250 -17.1303673 0.0241756 0.9430988 0.1282029 -0.3058499
1700008163.764488 -12.1699715 2.4652674 -17.2156830 0.0236148 0.9314688 0.1312212 -0.3385101
1700008164.761455 -12.2091093 2.4733586 -17.2550564 0.0232391 0.9244974 0.1323755 -0.3567089
1700008165.763108 -12.2497559 2.4813454 -17.2927494 0.0224729 0.9167376 0.1328834 -0.3760707
1700008166.773711 -12.2919645 2.4892044 -17.3285809 0.0207661 0.9081239 0.1331473 -0.3964234
1700008167.762719 -12.3370113 2.4973800 -17.3623810 0.0212169 0.8986544 0.1324037 -0.4176594
1700008168.764254 -12.3849792 2.5050776 -17.3938141 0.0235092 0.8884664 0.1313466 -0.4391159
1700008169.774881 -12.4363098 2.5129156 -17.4242039 0.0250856 0.8773303 0.1301387 -0.4612225
1700008170.764741 -12.4908218 2.5211329 -17.4535313 0.0237033 0.8648700 0.1301911 -0.4842399
