1700005604.965576 0.0000000 0.0000000 0.0000000 0.0000000 0.0000000 0.0000000 1.0000000
1700005605.965514 0.0004366 -0.0047042 0.0497613 0.0005946 0.0032194 0.0001178 0.9999946
1700005606.965638 0.0008849 -0.0097186 0.1002778 0.0009325 0.0058266 0.0001796 0.9999826
1700005607.965465 0.0017056 -0.0148800 0.1512085 0.0016177 0.0079534 0.0010074 0.9999666
1700005608.964827 0.0025439 -0.0201392 0.2033344 0.0023883 0.0099750 0.0007530 0.9999471
1700005609.965578 0.0039673 -0.0255815 0.2560604 0.0027845 0.0116332 0.0010473 0.9999279
1700005610.965674 0.0051022 -0.0310985 0.3096738 0.0023409 0.0129307 0.0010175 0.9999132
1700005611.965685 0.0061840 -0.0367606 0.3638793 0.0014219 0.0140666 0.0014336 0.9998990
1700005612.964816 0.0075550 -0.0421508 0.4190565 0.0010635 0.0149828 0.0013709 0.9998863
1700005613.965558 0.0095279 -0.0477416 0.4756904 0.0013388 0.0157238 0.0027095 0.9998718
1700005614.965717 0.0112580 -0.0535847 0.5325869 0.0012704 0.0161008 0.0028100 0.9998656
1700005615.965687 0.0131561 -0.0592833 0.5902042 0.0017951 0.0162794 0.0039020 0.9998583
1700005616.965777 0.0149840 -0.0652925 0.6482084 0.0018827 0.0162326 0.0037450 0.9998595
1700005617.965751 0.0168185 -0.0714862 0.7073224 0.0025663 0.0159139 0.0036335 0.9998634
1700005618.965765 0.0186177 -0.0774046 0.7665864 0.0025344 0.0153146 0.0037469 0.9998725
1700005619.965743 0.0199355 -0.0837378 0.8271100 0.0020592 0.0147589 0.0032360 0.9998837
1700005620.965775 0.0212906 -0.0899323 0.8885632 0.0023934 0.0143058 0.0035253 0.9998886
1700005621.965738 0.0231431 -0.0964972 0.9511808 0.0026640 0.0137322 0.0035805 0.9998958
1700005622.965785 0.0247777 -0.1031744 1.0148438 0.0028252 0.0133556 0.0039333 0.9998991
1700005623.965781 0.0264045 -0.1098546 1.0792419 0.0028050 0.0127454 0.0040371 0.9999067
1700005624.965702 0.0282456 -0.1165844 1.1444080 0.0020185 0.0122418 0.0049294 0.9999109
1700005625.965749 0.0296135 -0.1230878 1.2100102 0.0012367 0.0118824 0.0057675 0.9999120
1700005626.965689 0.0306861 -0.1299507 1.2755225 0.0015904 0.0115779 0.0063563 0.9999115
1700005627.965608 0.0323795 -0.1367397 1.3412520 0.0023121 0.0109474 0.0074072 0.9999100
1700005628.965806 0.0334140 -0.1438270 1.4088340 0.0022082 0.0109023 0.0069098 0.9999142
1700005629.965738 0.0346485 -0.1509120 1.4767163 0.0022014 0.0108688 0.0073693 0.9999114
1700005630.965788 0.0357879 -0.1580494 1.5448143 0.0017606 0.0107702 0.0072040 0.9999145
1700005631.976224 0.0376476 -0.1652483 1.6138852 0.0017017 0.0105610 0.0079262 0.9999114
1700005633.965856 0.0403642 -0.1800176 1.7536633 0.0019321 0.0105440 0.0084461 0.9999069
1700005634.965909 0.0415443 -0.1874403 1.8242939 0.0022260 0.0108294 0.0082442 0.9999049
1700005635.965594 0.0428006 -0.1951791 1.8957109 0.0024752 0.0114608 0.0079192 0.9998999
1700005636.965872 0.0442290 -0.2024748 1.9672382 0.0029460 0.0120201 0.0074880 0.9998954
1700005637.965824 0.0458417 -0.2100776 2.0396457 0.0026350 0.0124972 0.0070553 0.9998935
1700005638.965972 0.0472119 -0.2179469 2.1122005 0.0023732 0.0130197 0.0071308 0.9998870
1700005639.965748 0.0490325 -0.2253831 2.1861737 0.0021174 0.0133434 0.0057150 0.9998924
1700005640.965991 0.0505761 -0.2331015 2.2610683 0.0025774 0.0142763 0.0054115 0.9998801
1700005641.964798 0.0527782 -0.2407717 2.3354785 0.0031397 0.0153443 0.0052166 0.9998637
1700005642.965853 0.0560863 -0.2487175 2.4108782 0.0035852 0.0167254 0.0057484 0.9998372
1700005643.965780 0.0583361 -0.2569854 2.4866192 0.0031816 0.0190061 0.0048237 0.9998026
1700005644.965893 0.0613913 -0.2651939 2.5623360 0.0029331 0.0210111 0.0043104 0.9997656
1700005645.965737 0.0639661 -0.2733549 2.6383917 0.0032723 0.0233517 0.0034979 0.9997158
1700005646.965808 0.0676456 -0.2820950 2.7142694 0.0039767 0.0252490 0.0042736 0.9996641
1700005647.971767 0.0715378 -0.2905566 2.7914987 0.0047249 0.0273334 0.0041542 0.9996065
1700005648.965700 0.0753803 -0.2991286 2.8688326 0.0049446 0.0295792 0.0036703 0.9995435
1700005649.975341 0.0795927 -0.3075934 2.9468868 0.0049962 0.0319083 0.0030600 0.9994736
1700005650.964979 0.0843045 -0.3167709 3.0250311 0.0045239 0.0344159 0.0025511 0.9993941
1700005651.964906 0.0892858 -0.3254459 3.1036551 0.0044102 0.0369475 0.0025253 0.9993043
1700005652.965943 0.0948340 -0.3341857 3.1831870 0.0044041 0.0395607 0.0026556 0.9992039
1700005653.965626 0.1007488 -0.3431092 3.2627821 0.0050676 0.0421478 0.0031648 0.9990935
1700005654.965648 0.1067789 -0.3520130 3.3422592 0.0055492 0.0448713 0.0033975 0.9989716
1700005655.965491 0.1132621 -0.3611452 3.4216690 0.0054335 0.0477049 0.0039086 0.9988391
1700005656.964656 0.1207746 -0.3701779 3.5019088 0.0053543 0.0502969 0.0034093 0.9987141
1700005657.965354 0.1283377 -0.3792319 3.5820117 0.0057589 0.0527204 0.0034914 0.9985866
1700005658.965321 0.1369889 -0.3880120 3.6623325 0.0061616 0.0549639 0.0032109 0.9984642
1700005659.965307 0.1452387 -0.3973805 3.7433467 0.0057233 0.0569802 0.0041539 0.9983503
1700005660.965779 0.1552349 -0.4064162 3.8242457 0.0056416 0.0583316 0.0055555 0.9982659
1700005661.965579 0.1648082 -0.4156153 3.9059572 0.0059229 0.0598340 0.0063013 0.9981709
1700005662.965765 0.1746696 -0.4252521 3.9877815 0.0059389 0.0612946 0.0063433 0.9980819
1700005663.965818 0.1847211 -0.4346593 4.0694690 0.0059251 0.0626164 0.0062058 0.9980008
1700005664.965868 0.1949028 -0.4440353 4.1520233 0.0063284 0.0644559 0.0056311 0.9978846
1700005665.965783 0.2054791 -0.4535948 4.2346005 0.0068099 0.0664424 0.0054838 0.9977520
1700005666.965047 0.2163656 -0.4631301 4.3173709 0.0066579 0.0685296 0.0049968 0.9976144
1700005667.964821 0.2266617 -0.4729033 4.3996625 0.0068151 0.0707660 0.0052238 0.9974560
1700005668.965861 0.2392174 -0.4830087 4.4810338 0.0068199 0.0726815 0.0050984 0.9973189
1700005669.965683 0.2518468 -0.4924976 4.5628877 0.0069184 0.0744832 0.0049192 0.9971861
1700005670.965711 0.2640062 -0.5023466 4.6459808 0.0066535 0.0765014 0.0050331 0.9970345
1700005671.965643 0.2765906 -0.5123144 4.7294240 0.0066023 0.0783673 0.0056865 0.9968865
1700005672.965701 0.2897708 -0.5222023 4.8141403 0.0068796 0.0802559 0.0063332 0.9967304
1700005673.964908 0.3035559 -0.5324194 4.8984060 0.0072482 0.0818214 0.0064939 0.9965995
1700005674.964930 0.3177035 -0.5420973 4.9834080 0.0081119 0.0833721 0.0065327 0.9964641
1700005675.965604 0.3315173 -0.5523793 5.0685992 0.0084362 0.0850293 0.0071013 0.9963174
1700005676.965555 0.3463262 -0.5627273 5.1538081 0.0087812 0.0863725 0.0070923 0.9961990
1700005677.965542 0.3609798 -0.5725847 5.2389474 0.0088203 0.0880611 0.0071326 0.9960505
1700005678.964782 0.3762785 -0.5831839 5.3242173 0.0088543 0.0897995 0.0072595 0.9958940
1700005679.965581 0.3921135 -0.5937804 5.4102850 0.0088925 0.0913915 0.0085005 0.9957390
1700005680.965585 0.4078124 -0.6039170 5.4958682 0.0089131 0.0927669 0.0096661 0.9956011
1700005681.965417 0.4242687 -0.6142431 5.5817657 0.0086474 0.0938203 0.0102056 0.9954993
1700005682.965445 0.4409314 -0.6246122 5.6689515 0.0085298 0.0950980 0.0102859 0.9953783
1700005683.965402 0.4572822 -0.6351611 5.7559342 0.0088319 0.0965288 0.0098962 0.9952418
1700005684.964909 0.4745301 -0.6457607 5.8429422 0.0098400 0.0977560 0.0096082 0.9951154
1700005685.965664 0.4918135 -0.6567613 5.9298921 0.0105924 0.0992528 0.0093819 0.9949616
1700005686.965728 0.5095259 -0.6676362 6.0169792 0.0110835 0.1006735 0.0090863 0.9948163
1700005687.965571 0.5272759 -0.6785140 6.1043935 0.0116109 0.1022180 0.0082922 0.9946597
1700005688.965764 0.5449464 -0.6897730 6.1915712 0.0116597 0.1040238 0.0089202 0.9944664
1700005689.965598 0.5638651 -0.7009485 6.2800865 0.0114206 0.1056765 0.0090042 0.9942942
1700005690.965002 0.5824761 -0.7120783 6.3678651 0.0110276 0.1075470 0.0090226 0.9940979
1700005691.965665 0.6015907 -0.7232999 6.4558148 0.0108896 0.1093136 0.0091789 0.9939052
1700005692.965656 0.6212543 -0.7346260 6.5435295 0.0109315 0.1110028 0.0088386 0.9937207
1700005693.965693 0.6409879 -0.7454832 6.6310377 0.0114227 0.1126381 0.0086415 0.9935328
1700005694.964916 0.6609696 -0.7568676 6.7186503 0.0115963 0.1141104 0.0088245 0.9933612
1700005695.964916 0.6817216 -0.7682226 6.8068695 0.0118008 0.1153000 0.0093227 0.9932169
1700005696.964923 0.7027848 -0.7795500 6.8953900 0.0116839 0.1163637 0.0100802 0.9930868
1700005697.965622 0.7236717 -0.7909316 6.9826369 0.0112423 0.1175084 0.0109649 0.9929477
1700005698.965652 0.7449030 -0.8020800 7.0707502 0.0114299 0.1186431 0.0115190 0.9928043
1700005699.965640 0.7667852 -0.8133557 7.1590390 0.0118641 0.1197208 0.0116555 0.9926683
1700005700.965771 0.7883186 -0.8248369 7.2473273 0.0119432 0.1210351 0.0114332 0.9925105
1700005701.964790 0.8101490 -0.8362861 7.3355770 0.0125484 0.1223420 0.0113504 0.9923438
1700005702.964869 0.8324406 -0.8477455 7.4237843 0.0131192 0.1236356 0.0113557 0.9921760
1700005703.964642 0.8548672 -0.8591416 7.5119495 0.0134425 0.1248581 0.0103028 0.9920300
1700005704.965617 0.8774998 -0.8709764 7.6003127 0.0137695 0.1262064 0.0107375 0.9918503
1700005705.965640 0.9009182 -0.8826671 7.6892471 0.0134346 0.1272916 0.0116792 0.9917056
1700005706.964902 0.9229966 -0.8941616 7.7760024 0.0129218 0.1285951 0.0120781 0.9915394
1700005707.965643 0.9471096 -0.9059730 7.8654613 0.0127951 0.1298633 0.0118082 0.9913790
1700005708.965594 0.9703147 -0.9179562 7.9539976 0.0130171 0.1314264 0.0111792 0.9911774
1700005709.964899 0.9941922 -0.9294190 8.0423698 0.0129551 0.1331068 0.0106967 0.9909593
1700005710.965775 1.0181977 -0.9411216 8.1306953 0.0128335 0.1347954 0.0105280 0.9907344
1700005711.965711 1.0427094 -0.9528874 8.2188969 0.0129955 0.1364341 0.0103646 0.9905097
1700005712.965700 1.0671755 -0.9643934 8.3063431 0.0128796 0.1381810 0.0102783 0.9902699
1700005713.965834 1.0923815 -0.9760643 8.3946791 0.0127800 0.1400739 0.0099378 0.9900087
1700005714.964928 1.1179277 -0.9874764 8.4821463 0.0129451 0.1419421 0.0097739 0.9897420
1700005715.965640 1.1435121 -0.9991537 8.5692902 0.0132488 0.1436484 0.0099150 0.9894904
1700005716.965765 1.1692454 -1.0111070 8.6564312 0.0133636 0.1453180 0.0103743 0.9892403
1700005717.965698 1.1952006 -1.0227035 8.7433243 0.0133468 0.1471213 0.0104265 0.9889734
1700005718.965844 1.2218869 -1.0345621 8.8303566 0.0136689 0.1489497 0.0098664 0.9887010
1700005719.965234 1.2490735 -1.0460893 8.9191437 0.0138441 0.1506455 0.0103412 0.9884368
1700005720.965107 1.2760781 -1.0579436 9.0060825 0.0140168 0.1523274 0.0107195 0.9881725
1700005721.964880 1.3030274 -1.0693865 9.0932112 0.0144514 0.1540222 0.0115348 0.9878944
1700005722.965779 1.3310076 -1.0811360 9.1809340 0.0151670 0.1555439 0.0127509 0.9876302
1700005723.965797 1.3589994 -1.0931619 9.2686138 0.0153127 0.1569321 0.0134300 0.9873993
1700005724.965101 1.3880597 -1.1051095 9.3569908 0.0161457 0.1581858 0.0143577 0.9871730
1700005725.964990 1.4174222 -1.1170412 9.4443464 0.0170582 0.1593178 0.0149989 0.9869660
1700005726.965683 1.4466679 -1.1293478 9.5322886 0.0171690 0.1607210 0.0157918 0.9867242
1700005727.964960 1.4762361 -1.1409119 9.6200848 0.0177852 0.1621379 0.0161276 0.9864760
1700005728.964959 1.5064230 -1.1530225 9.7086477 0.0179508 0.1638181 0.0157831 0.9862009
1700005729.975620 1.5367883 -1.1653606 9.7971249 0.0184039 0.1654503 0.0161070 0.9859148
1700005730.964999 1.5675817 -1.1777879 9.8860798 0.0185926 0.1671159 0.0158133 0.9856351
1700005731.964965 1.5987747 -1.1902598 9.9747820 0.0187088 0.1685177 0.0151831 0.9854041
1700005732.964963 1.6300325 -1.2026036 10.0628939 0.0187721 0.1697128 0.0160718 0.9851837
1700005733.964953 1.6617352 -1.2153269 10.1517935 0.0185502 0.1707281 0.0170924 0.9849952
1700005734.965042 1.6941872 -1.2276111 10.2416706 0.0185718 0.1716495 0.0176356 0.9848251
1700005735.964970 1.7271855 -1.2399683 10.3313408 0.0184730 0.1725340 0.0175658 0.9846737
1700005736.965128 1.7593058 -1.2525449 10.4208193 0.0182114 0.1737551 0.0176561 0.9844622
1700005737.965746 1.7915647 -1.2644417 10.5099564 0.0181309 0.1748479 0.0183952 0.9842566
1700005738.965098 1.8230997 -1.2766576 10.5989742 0.0179324 0.1761950 0.0184543 0.9840189
1700005739.965611 1.8533918 -1.2884619 10.6874895 0.0183088 0.1778572 0.0177974 0.9837250
1700005740.965923 1.8810482 -1.2999557 10.7759066 0.0197493 0.1803036 0.0176633 0.9832541
1700005741.965770 1.9199547 -1.3139577 10.8690128 0.0195253 0.1812212 0.0168589 0.9831040
1700005742.964998 1.9575033 -1.3253444 10.9617987 0.0192821 0.1832512 0.0150314 0.9827620
1700005743.964969 1.9929470 -1.3384012 11.0534811 0.0183919 0.1858242 0.0142436 0.9823076
1700005744.965215 2.0292373 -1.3510088 11.1439209 0.0180046 0.1879611 0.0137121 0.9819157
1700005745.965112 2.0646594 -1.3634931 11.2337933 0.0180873 0.1901879 0.0140224 0.9814809
1700005746.965169 2.1009305 -1.3765553 11.3240795 0.0182945 0.1922374 0.0155892 0.9810541
1700005747.965711 2.1378403 -1.3892783 11.4148407 0.0184485 0.1943087 0.0158346 0.9806391
1700005748.965219 2.1749749 -1.4023955 11.5054293 0.0182219 0.1962401 0.0164416 0.9802487
1700005749.965089 2.2135801 -1.4155337 11.5963268 0.0176934 0.1981823 0.0168612 0.9798604
1700005750.965122 2.2520735 -1.4286824 11.6873207 0.0168916 0.2002204 0.0162510 0.9794705
1700005751.965023 2.2907794 -1.4417801 11.7786827 0.0168205 0.2023231 0.0160798 0.9790424
1700005752.965250 2.3308113 -1.4547886 11.8711357 0.0167586 0.2046198 0.0163304 0.9785618
1700005753.965098 2.3717494 -1.4682198 11.9636383 0.0164950 0.2065261 0.0170125 0.9781541
1700005754.964975 2.4130514 -1.4818616 12.0560179 0.0159858 0.2085156 0.0175867 0.9777302
1700005755.964972 2.4555626 -1.4951563 12.1498528 0.0158596 0.2102610 0.0173493 0.9773627
1700005756.965097 2.4982853 -1.5083437 12.2442417 0.0154377 0.2119241 0.0176096 0.9770055
1700005757.965138 2.5417919 -1.5215958 12.3402662 0.0152294 0.2134377 0.0181704 0.9766690
1700005758.965177 2.5873284 -1.5355618 12.4375410 0.0150720 0.2148472 0.0170472 0.9763826
1700005759.965019 2.6322961 -1.5494045 12.5346527 0.0152125 0.2163022 0.0155602 0.9760839
1700005760.965155 2.6775255 -1.5627755 12.6319284 0.0155989 0.2180588 0.0136371 0.9757156
1700005761.965118 2.7227583 -1.5762417 12.7277241 0.0147525 0.2193858 0.0132194 0.9754370
1700005762.965130 2.7684903 -1.5894241 12.8233852 0.0144324 0.2208867 0.0137808 0.9750953
1700005763.965049 2.8138793 -1.6029804 12.9185896 0.0145870 0.2223484 0.0135819 0.9747635
1700005764.965018 2.8596587 -1.6162848 13.0137968 0.0144212 0.2240635 0.0128333 0.9743834
1700005765.964949 2.9051318 -1.6297890 13.1095390 0.0130021 0.2259399 0.0123026 0.9739768
1700005766.964848 2.9509614 -1.6429191 13.2017918 0.0120100 0.2273527 0.0118116 0.9736668
1700005767.964609 2.9963191 -1.6558589 13.2951069 0.0117551 0.2291758 0.0115969 0.9732450
1700005768.964594 3.0422137 -1.6686177 13.3878546 0.0120304 0.2307520 0.0119338 0.9728650
1700005769.964784 3.0884414 -1.6814610 13.4804010 0.0117339 0.2322427 0.0121524 0.9725112
1700005770.964609 3.1343701 -1.6940246 13.5721836 0.0115626 0.2339871 0.0123947 0.9720919
1700005771.964413 3.1799228 -1.7066051 13.6630507 0.0113159 0.2359868 0.0107100 0.9716313
1700005772.964673 3.2267482 -1.7193768 13.7551603 0.0114616 0.2381983 0.0055710 0.9711329
1700005773.967323 3.2730005 -1.7326553 13.8457518 0.0146450 0.2403727 0.0014278 0.9705691
1700005774.964525 3.3200138 -1.7468824 13.9388132 0.0181206 0.2417081 0.0057478 0.9701627
1700005775.964317 3.3661270 -1.7603525 14.0256844 0.0172203 0.2421893 0.0099181 0.9700255
1700005776.964636 3.4126701 -1.7732921 14.1144342 0.0123763 0.2436510 0.0106467 0.9697255
1700005777.964614 3.4594264 -1.7851102 14.2039032 0.0080770 0.2458373 0.0088915 0.9692367
1700005778.964702 3.5069463 -1.7967354 14.2930231 0.0059954 0.2479113 0.0067728 0.9687405
1700005779.964470 3.5548217 -1.8083527 14.3814716 0.0059739 0.2498286 0.0066365 0.9682489
1700005780.964497 3.6040623 -1.8204068 14.4703178 0.0076130 0.2511428 0.0094048 0.9678744
1700005781.964450 3.6495128 -1.8318723 14.5548573 0.0099846 0.2524181 0.0108612 0.9675058
1700005782.964479 3.7004442 -1.8445708 14.6457281 0.0112459 0.2542027 0.0112984 0.9670196
1700005783.964432 3.7478709 -1.8562840 14.7318449 0.0113249 0.2563006 0.0114146 0.9664634
1700005784.963648 3.7965117 -1.8683711 14.8168640 0.0106593 0.2580547 0.0119184 0.9659980
1700005785.964546 3.8464680 -1.8802212 14.9039707 0.0102693 0.2597671 0.0124921 0.9655359
1700005786.964639 3.8967052 -1.8922079 14.9912415 0.0104669 0.2610262 0.0130323 0.9651870
1700005787.964446 3.9469614 -1.9041008 15.0771208 0.0104832 0.2620141 0.0131383 0.9649177
1700005788.964510 3.9970372 -1.9160633 15.1633301 0.0105633 0.2631364 0.0136199 0.9646047
1700005789.964435 4.0478950 -1.9280872 15.2501287 0.0098576 0.2641115 0.0145096 0.9643326
1700005790.964637 4.0987353 -1.9397079 15.3360500 0.0090512 0.2648606 0.0157029 0.9641164
1700005791.975028 4.1492128 -1.9509258 15.4218731 0.0083507 0.2657998 0.0166528 0.9638482
1700005792.964287 4.1995540 -1.9621583 15.5066729 0.0088147 0.2669894 0.0159757 0.9635267
1700005793.964541 4.2487907 -1.9735399 15.5895576 0.0096556 0.2684978 0.0136461 0.9631352
1700005794.963482 4.2977877 -1.9847069 15.6690722 0.0098652 0.2697588 0.0121474 0.9628007
1700005795.964504 4.3467865 -1.9959559 15.7500391 0.0096366 0.2710370 0.0121416 0.9624441
1700005796.964500 4.3955998 -2.0071659 15.8304358 0.0093004 0.2723148 0.0114610 0.9620950
1700005797.964407 4.4444518 -2.0181983 15.9105959 0.0094673 0.2735524 0.0096793 0.9617618
1700005798.964514 4.4925280 -2.0291746 15.9889326 0.0093274 0.2751478 0.0100417 0.9613042
