1700004839.260918 0.0000000 0.0000000 0.0000000 0.0000000 0.0000000 0.0000000 1.0000000
1700004840.195186 0.0002693 -0.0045504 0.0470713 0.0005218 0.0032727 0.0001580 0.9999945
1700004841.198901 0.0007754 -0.0092001 0.0949054 0.0009063 0.0058397 0.0002272 0.9999825
1700004842.190224 0.0016032 -0.0141659 0.1432261 0.0015380 0.0079619 0.0010078 0.9999666
1700004843.193888 0.0022921 -0.0191218 0.1923167 0.0023405 0.0099865 0.0007051 0.9999471
1700004844.196824 0.0035187 -0.0242793 0.2422271 0.0027190 0.0116670 0.0010261 0.9999277
1700004845.193480 0.0046990 -0.0295201 0.2931837 0.0023008 0.0129416 0.0010210 0.9999131
1700004846.176743 0.0060475 -0.0348835 0.3449506 0.0013821 0.0139999 0.0014452 0.9999000
1700004847.176166 0.0071437 -0.0399823 0.3970536 0.0010352 0.0150208 0.0014248 0.9998856
1700004848.176106 0.0089565 -0.0453149 0.4507854 0.0012751 0.0158092 0.0028285 0.9998702
1700004849.276151 0.0106155 -0.0508160 0.5046707 0.0011908 0.0161626 0.0028697 0.9998645
1700004850.198968 0.0124163 -0.0563056 0.5594613 0.0017004 0.0163262 0.0038938 0.9998577
1700004851.191329 0.0141171 -0.0619287 0.6146331 0.0017944 0.0163043 0.0038368 0.9998581
1700004852.187877 0.0158196 -0.0677808 0.6708421 0.0024934 0.0160370 0.0036272 0.9998617
1700004853.200077 0.0175609 -0.0734622 0.7272125 0.0024396 0.0154108 0.0037791 0.9998711
1700004854.196258 0.0188378 -0.0794744 0.7846392 0.0019858 0.0148399 0.0032968 0.9998825
1700004855.200354 0.0203312 -0.0852543 0.8429286 0.0023145 0.0143163 0.0036460 0.9998882
1700004856.195731 0.0219241 -0.0914658 0.9023324 0.0026018 0.0138109 0.0036727 0.9998945
1700004857.196252 0.0234020 -0.0977164 0.9627909 0.0027946 0.0134626 0.0039577 0.9998977
1700004858.175909 0.0249097 -0.1040442 1.0236593 0.0027450 0.0128753 0.0040382 0.9999052
1700004859.192810 0.0266195 -0.1104689 1.0853516 0.0019656 0.0123398 0.0049766 0.9999095
1700004860.192235 0.0279569 -0.1166225 1.1474406 0.0011924 0.0119983 0.0057947 0.9999105
1700004861.197316 0.0289967 -0.1230717 1.2096537 0.0015917 0.0116760 0.0063945 0.9999101
1700004862.196089 0.0306141 -0.1295227 1.2720705 0.0022965 0.0110980 0.0074391 0.9999081
1700004863.188583 0.0317603 -0.1362690 1.3361888 0.0021644 0.0110051 0.0068529 0.9999136
1700004864.198302 0.0331870 -0.1430343 1.4009701 0.0021194 0.0109466 0.0073155 0.9999111
1700004865.193261 0.0341768 -0.1497777 1.4653642 0.0017054 0.0108638 0.0071842 0.9999138
1700004866.203247 0.0358479 -0.1566458 1.5310850 0.0016849 0.0106639 0.0079450 0.9999102
1700004868.176223 0.0381348 -0.1706836 1.6635357 0.0019007 0.0107062 0.0085140 0.9999046
1700004869.176471 0.0395815 -0.1776065 1.7309194 0.0022527 0.0109283 0.0083590 0.9999028
1700004870.176264 0.0408331 -0.1849128 1.7985206 0.0025140 0.0115299 0.0080396 0.9998980
1700004871.176359 0.0422949 -0.1919395 1.8661929 0.0028836 0.0120334 0.0075919 0.9998946
1700004872.176232 0.0437625 -0.1991029 1.9349948 0.0026313 0.0125929 0.0071510 0.9998917
1700004873.176461 0.0453254 -0.2065472 2.0038040 0.0024236 0.0129798 0.0072385 0.9998866
1700004874.272457 0.0473249 -0.2136774 2.0740983 0.0021733 0.0132629 0.0057478 0.9998932
1700004875.177492 0.0486321 -0.2210356 2.1443603 0.0025980 0.0140934 0.0056643 0.9998813
1700004876.176463 0.0506378 -0.2285150 2.2153447 0.0030745 0.0152883 0.0053748 0.9998639
1700004877.187361 0.0536489 -0.2358999 2.2872255 0.0035653 0.0168181 0.0057819 0.9998355
1700004878.176019 0.0558765 -0.2437929 2.3590269 0.0031155 0.0190599 0.0048653 0.9998016
1700004879.176522 0.0589309 -0.2515815 2.4308798 0.0029207 0.0210392 0.0044571 0.9997644
1700004880.176372 0.0613545 -0.2592786 2.5030313 0.0032979 0.0233897 0.0036117 0.9997144
1700004881.267489 0.0647585 -0.2674998 2.5751631 0.0039613 0.0253263 0.0043688 0.9996619
1700004882.176364 0.0684711 -0.2755714 2.6482420 0.0047163 0.0273851 0.0041251 0.9996053
1700004883.175341 0.0720989 -0.2836923 2.7214131 0.0049600 0.0296857 0.0037137 0.9995401
1700004884.176274 0.0760948 -0.2917711 2.7952414 0.0049820 0.0319924 0.0029989 0.9994712
1700004885.176424 0.0806860 -0.3004036 2.8693445 0.0045801 0.0344471 0.0025233 0.9993929
1700004886.277224 0.0853402 -0.3085584 2.9438920 0.0044599 0.0370456 0.0024537 0.9993006
1700004887.177604 0.0904585 -0.3167393 3.0188625 0.0044749 0.0396693 0.0025316 0.9991996
1700004888.177384 0.0960095 -0.3252727 3.0941327 0.0050963 0.0423074 0.0030457 0.9990870
1700004889.177237 0.1015292 -0.3336482 3.1693003 0.0056040 0.0451733 0.0032015 0.9989583
1700004890.191148 0.1076659 -0.3422258 3.2442026 0.0054910 0.0479927 0.0037560 0.9988256
1700004891.176188 0.1146505 -0.3506850 3.3202636 0.0054785 0.0506970 0.0033340 0.9986935
1700004892.177015 0.1218214 -0.3593234 3.3958890 0.0058487 0.0531822 0.0033312 0.9985622
1700004893.176920 0.1299865 -0.3675168 3.4717443 0.0062927 0.0554223 0.0030120 0.9984387
1700004894.176964 0.1379459 -0.3763681 3.5482292 0.0058598 0.0573976 0.0040199 0.9983261
1700004895.177176 0.1471818 -0.3849507 3.6242640 0.0057177 0.0587966 0.0053225 0.9982394
1700004896.177177 0.1561621 -0.3937114 3.7014699 0.0058972 0.0603629 0.0059042 0.9981416
1700004897.177518 0.1655612 -0.4027300 3.7787306 0.0060626 0.0617907 0.0061525 0.9980518
1700004898.177408 0.1750652 -0.4116624 3.8561902 0.0060206 0.0631976 0.0059530 0.9979651
1700004899.177436 0.1848616 -0.4205165 3.9341621 0.0063870 0.0650297 0.0053406 0.9978486
1700004900.177308 0.1949510 -0.4296093 4.0120382 0.0068374 0.0669363 0.0051791 0.9977204
1700004901.177375 0.2054490 -0.4386660 4.0905309 0.0067071 0.0690088 0.0047561 0.9975822
1700004902.177342 0.2157007 -0.4480552 4.1688538 0.0068981 0.0711706 0.0050811 0.9974273
1700004903.177373 0.2271777 -0.4575327 4.2454972 0.0068868 0.0732011 0.0047714 0.9972820
1700004904.177301 0.2393391 -0.4664448 4.3229880 0.0070307 0.0750255 0.0045420 0.9971465
1700004905.177391 0.2508452 -0.4759143 4.4013672 0.0067070 0.0770382 0.0047189 0.9969944
1700004906.177133 0.2628238 -0.4851454 4.4802365 0.0067374 0.0788790 0.0053670 0.9968470
1700004907.176545 0.2754891 -0.4947989 4.5603447 0.0069081 0.0807111 0.0059777 0.9966957
1700004908.177075 0.2884794 -0.5043035 4.6401858 0.0073794 0.0822637 0.0061940 0.9965640
1700004909.177152 0.3016467 -0.5137793 4.7208991 0.0081402 0.0839090 0.0063295 0.9964201
1700004910.177016 0.3148851 -0.5235792 4.8016000 0.0084330 0.0856084 0.0067446 0.9962704
1700004911.177263 0.3289800 -0.5333561 4.8822689 0.0088363 0.0868784 0.0068447 0.9961562
1700004912.177101 0.3432134 -0.5428187 4.9641738 0.0088580 0.0886271 0.0068601 0.9960018
1700004913.177258 0.3577760 -0.5528332 5.0455594 0.0088980 0.0904496 0.0068771 0.9958375
1700004914.177250 0.3725526 -0.5631104 5.1268454 0.0089345 0.0920481 0.0083320 0.9956796
1700004915.177161 0.3875386 -0.5727993 5.2088256 0.0089446 0.0935769 0.0094024 0.9955275
1700004916.177202 0.4033564 -0.5825433 5.2897091 0.0086938 0.0945507 0.0100108 0.9954317
1700004917.177151 0.4188952 -0.5924144 5.3722734 0.0085294 0.0959487 0.0100162 0.9952993
1700004918.177254 0.4346024 -0.6023978 5.4543548 0.0088185 0.0972798 0.0096486 0.9951712
1700004919.177145 0.4507865 -0.6123981 5.5365911 0.0098238 0.0985768 0.0093235 0.9950373
1700004920.177326 0.4673240 -0.6227546 5.6188879 0.0106172 0.1000264 0.0091283 0.9948863
1700004921.177537 0.4843169 -0.6329910 5.7013602 0.0111029 0.1014399 0.0087648 0.9947411
1700004922.177246 0.5013021 -0.6432911 5.7840872 0.0115696 0.1029960 0.0078810 0.9945832
1700004923.177573 0.5182166 -0.6538622 5.8664789 0.0116721 0.1047511 0.0085239 0.9943935
1700004924.177370 0.5359920 -0.6646034 5.9503846 0.0113726 0.1065176 0.0085854 0.9942087
1700004925.177324 0.5537806 -0.6749703 6.0332527 0.0110871 0.1083594 0.0087112 0.9940118
1700004926.177306 0.5719731 -0.6855339 6.1161141 0.0109703 0.1101280 0.0088468 0.9938175
1700004927.177393 0.5907781 -0.6962610 6.1990461 0.0110138 0.1118082 0.0084745 0.9936326
1700004928.177396 0.6095420 -0.7066009 6.2816296 0.0114478 0.1134947 0.0082429 0.9934384
1700004929.177372 0.6285723 -0.7173741 6.3645248 0.0116553 0.1149605 0.0084411 0.9932658
1700004930.177166 0.6480802 -0.7281997 6.4476223 0.0118429 0.1162098 0.0089790 0.9931135
1700004931.177408 0.6681447 -0.7389484 6.5311151 0.0116868 0.1172609 0.0097068 0.9929850
1700004932.177312 0.6881827 -0.7497016 6.6140189 0.0112803 0.1183705 0.0105711 0.9928492
1700004933.176677 0.7083780 -0.7603165 6.6973739 0.0114884 0.1195346 0.0112102 0.9927003
1700004934.177253 0.7288783 -0.7709302 6.7805228 0.0119047 0.1206824 0.0112473 0.9925560
1700004935.178971 0.7498032 -0.7817672 6.8645287 0.0120389 0.1219199 0.0110702 0.9924052
1700004936.177394 0.7703267 -0.7925853 6.9478354 0.0126131 0.1232476 0.0109847 0.9922350
1700004937.177558 0.7916471 -0.8035926 7.0310555 0.0131439 0.1244848 0.0110754 0.9920726
1700004938.177191 0.8128238 -0.8143923 7.1145549 0.0134560 0.1257826 0.0098963 0.9919172
1700004939.177317 0.8343858 -0.8256409 7.1982689 0.0138225 0.1271346 0.0104034 0.9917346
1700004940.177336 0.8567355 -0.8365526 7.2823310 0.0135067 0.1281862 0.0114225 0.9915923
1700004941.177396 0.8784173 -0.8476387 7.3658214 0.0130091 0.1294421 0.0117995 0.9914314
1700004942.177226 0.9012851 -0.8587525 7.4504442 0.0129400 0.1307442 0.0115518 0.9912644
1700004943.176713 0.9232195 -0.8698798 7.5339155 0.0131734 0.1323312 0.0108226 0.9910589
1700004944.176541 0.9459007 -0.8809643 7.6174612 0.0130074 0.1340406 0.0102612 0.9908373
1700004945.176618 0.9689139 -0.8919407 7.7009301 0.0129231 0.1356523 0.0101288 0.9906204
1700004946.177427 0.9922239 -0.9030060 7.7842803 0.0130870 0.1373181 0.0099699 0.9903904
1700004947.176720 1.0157002 -0.9140276 7.8672571 0.0129681 0.1390609 0.0098943 0.9901495
1700004948.176709 1.0398340 -0.9248973 7.9507360 0.0129594 0.1409054 0.0096002 0.9898917
1700004949.176881 1.0644631 -0.9357368 8.0336504 0.0131434 0.1427217 0.0093955 0.9896310
1700004950.176652 1.0886543 -0.9469129 8.1162319 0.0134217 0.1444893 0.0095135 0.9893696
1700004951.176797 1.1131419 -0.9581410 8.1986752 0.0135661 0.1461234 0.0099511 0.9891233
1700004952.177254 1.1377136 -0.9690817 8.2806931 0.0135526 0.1478955 0.0101137 0.9888584
1700004953.176862 1.1630713 -0.9802619 8.3627872 0.0138965 0.1496850 0.0095020 0.9885904
1700004954.177376 1.1889907 -0.9914758 8.4467125 0.0139911 0.1513570 0.0099997 0.9883296
1700004955.177408 1.2149179 -1.0026888 8.5290146 0.0142200 0.1529290 0.0104502 0.9880796
1700004956.177422 1.2407981 -1.0135816 8.6116896 0.0146606 0.1545865 0.0111848 0.9878072
1700004957.177451 1.2673831 -1.0246755 8.6942930 0.0153753 0.1560287 0.0124212 0.9875547
1700004958.177561 1.2933251 -1.0361587 8.7765837 0.0155093 0.1575069 0.0132091 0.9873077
1700004959.177534 1.3208668 -1.0473994 8.8594923 0.0163395 0.1587088 0.0141311 0.9870891
1700004960.177420 1.3486518 -1.0586393 8.9430599 0.0173085 0.1598786 0.0147730 0.9868744
1700004961.176813 1.3765596 -1.0703826 9.0263596 0.0174192 0.1612541 0.0155857 0.9866361
1700004962.177446 1.4049724 -1.0813318 9.1102362 0.0180353 0.1627412 0.0158513 0.9863766
1700004963.176686 1.4335246 -1.0929934 9.1936769 0.0182013 0.1643304 0.0156049 0.9861140
1700004964.177442 1.4623303 -1.1047144 9.2774906 0.0186189 0.1660093 0.0158830 0.9858205
1700004965.176821 1.4913274 -1.1167269 9.3617840 0.0187690 0.1677372 0.0156468 0.9855289
1700004966.176730 1.5209420 -1.1287323 9.4456844 0.0188604 0.1691136 0.0150484 0.9853012
1700004967.176858 1.5502980 -1.1405505 9.5286627 0.0189014 0.1702796 0.0160435 0.9850838
1700004968.176713 1.5809846 -1.1526276 9.6131716 0.0186365 0.1712353 0.0169831 0.9849074
1700004969.176733 1.6118534 -1.1641896 9.6981440 0.0187333 0.1721214 0.0176048 0.9847403
1700004970.175578 1.6431024 -1.1761373 9.7829695 0.0185679 0.1730826 0.0176214 0.9845746
1700004971.176725 1.6736686 -1.1879364 9.8673687 0.0183254 0.1741862 0.0176595 0.9843838
1700004972.176484 1.7039900 -1.1991736 9.9516525 0.0182910 0.1754124 0.0184566 0.9841521
1700004973.177477 1.7337475 -1.2107416 10.0357971 0.0180258 0.1767875 0.0183831 0.9839122
1700004974.176690 1.7623094 -1.2217830 10.1193790 0.0185353 0.1783737 0.0179676 0.9836242
1700004975.176689 1.7888197 -1.2328959 10.2026434 0.0198316 0.1806632 0.0177482 0.9831849
1700004976.177422 1.8269178 -1.2462484 10.2918787 0.0196272 0.1815110 0.0169078 0.9830477
1700004977.177508 1.8613068 -1.2574826 10.3787050 0.0193109 0.1834829 0.0156117 0.9827092
1700004978.176631 1.8940558 -1.2695360 10.4652052 0.0185197 0.1861807 0.0146820 0.9822313
1700004979.176775 1.9269727 -1.2822286 10.5510015 0.0178768 0.1887932 0.0146319 0.9817451
1700004980.176632 1.9610991 -1.2938907 10.6369858 0.0180169 0.1910217 0.0145280 0.9813129
1700004981.175919 1.9964658 -1.3063231 10.7236366 0.0182642 0.1930085 0.0161344 0.9808944
1700004982.177385 2.0321348 -1.3184028 10.8102274 0.0185875 0.1948472 0.0168035 0.9805135
1700004983.176898 2.0677915 -1.3311408 10.8971710 0.0182077 0.1969572 0.0171702 0.9800926
1700004984.176845 2.1041133 -1.3437024 10.9831314 0.0175598 0.1989201 0.0177452 0.9796977
1700004985.177702 2.1413836 -1.3562007 11.0704088 0.0168515 0.2009374 0.0172331 0.9793075
1700004986.176908 2.1784816 -1.3685677 11.1571560 0.0168407 0.2029678 0.0170312 0.9788924
1700004987.177667 2.2162910 -1.3805375 11.2444401 0.0169269 0.2051552 0.0170980 0.9784337
1700004988.176914 2.2553399 -1.3931493 11.3325844 0.0168315 0.2070418 0.0181245 0.9780194
1700004989.176856 2.2951386 -1.4063274 11.4205036 0.0162529 0.2089120 0.0187993 0.9776186
1700004990.176749 2.3354290 -1.4188554 11.5093613 0.0160618 0.2106169 0.0184265 0.9772630
1700004991.176842 2.3758881 -1.4314654 11.5986319 0.0155728 0.2122651 0.0187300 0.9769085
1700004992.176895 2.4174070 -1.4438620 11.6891603 0.0153804 0.2137239 0.0191179 0.9765859
1700004993.176772 2.4602036 -1.4572227 11.7807226 0.0151299 0.2151140 0.0180987 0.9763040
1700004994.176863 2.5029397 -1.4703579 11.8722591 0.0152546 0.2164735 0.0165857 0.9760284
1700004995.177260 2.5455754 -1.4831698 11.9641171 0.0155643 0.2182839 0.0148896 0.9756476
1700004996.176848 2.5879223 -1.4957193 12.0537090 0.0146981 0.2195882 0.0144490 0.9753749
1700004997.177042 2.6309919 -1.5082188 12.1432457 0.0142538 0.2209831 0.0151791 0.9750553
1700004998.204532 2.6736083 -1.5207391 12.2322025 0.0145318 0.2224553 0.0152738 0.9747149
1700004999.176669 2.7165444 -1.5332053 12.3212013 0.0143226 0.2240938 0.0146077 0.9743528
1700005000.176711 2.7593167 -1.5458372 12.4106417 0.0128244 0.2258755 0.0139381 0.9739720
1700005001.195723 2.8020363 -1.5578572 12.4968662 0.0119375 0.2273286 0.0134996 0.9736513
1700005002.190278 2.8437915 -1.5696657 12.5834427 0.0117083 0.2293568 0.0132582 0.9731817
1700005003.176452 2.8861294 -1.5813454 12.6687822 0.0118819 0.2308628 0.0134398 0.9728209
1700005004.176448 2.9291673 -1.5932133 12.7555590 0.0116638 0.2326031 0.0137734 0.9724042
1700005005.176430 2.9719350 -1.6049801 12.8406811 0.0113689 0.2342763 0.0138914 0.9720043
1700005006.176307 3.0147657 -1.6166009 12.9261427 0.0110763 0.2364334 0.0122407 0.9715075
1700005007.176344 3.0587323 -1.6286116 13.0126514 0.0113715 0.2387030 0.0071918 0.9709994
1700005008.176304 3.1015449 -1.6409545 13.0977325 0.0143249 0.2411495 0.0027421 0.9703784
1700005009.176329 3.1453767 -1.6538000 13.1824389 0.0179128 0.2423619 0.0074669 0.9699918
1700005010.176247 3.1892059 -1.6665249 13.2660007 0.0168559 0.2429827 0.0114199 0.9698169
1700005011.176398 3.2329624 -1.6786454 13.3487387 0.0119013 0.2445622 0.0119719 0.9694867
1700005012.176271 3.2769158 -1.6895083 13.4319906 0.0077007 0.2467596 0.0103508 0.9689909
1700005013.176467 3.3217759 -1.7002293 13.5158987 0.0057534 0.2490442 0.0082326 0.9684401
1700005014.176178 3.3664212 -1.7111750 13.5982656 0.0053667 0.2510712 0.0077580 0.9679226
1700005015.176265 3.4111698 -1.7219005 13.6795826 0.0070201 0.2526278 0.0103742 0.9674824
1700005016.175966 3.4570820 -1.7331297 13.7614202 0.0095713 0.2540157 0.0123960 0.9670733
1700005017.176422 3.5019689 -1.7439452 13.8417454 0.0107903 0.2556517 0.0126445 0.9666260
1700005018.177016 3.5444872 -1.7546990 13.9207315 0.0108116 0.2580314 0.0126075 0.9659938
1700005019.176151 3.5904610 -1.7656314 14.0004816 0.0103345 0.2598456 0.0133878 0.9655021
1700005020.176192 3.6361041 -1.7766221 14.0802784 0.0098165 0.2617127 0.0137968 0.9649973
1700005021.176273 3.6830263 -1.7877243 14.1614246 0.0098061 0.2632350 0.0143650 0.9645749
1700005022.176084 3.7300086 -1.7983936 14.2407112 0.0099379 0.2642191 0.0144509 0.9643032
1700005023.207767 3.7768292 -1.8093780 14.3206854 0.0100043 0.2654416 0.0148908 0.9639600
1700005024.176036 3.8233075 -1.8201027 14.3991070 0.0092305 0.2666483 0.0156706 0.9636223
1700005025.176138 3.8702843 -1.8304968 14.4777164 0.0084073 0.2675422 0.0169700 0.9633600
1700005026.176110 3.9173694 -1.8407173 14.5570984 0.0077907 0.2687297 0.0178574 0.9630186
1700005027.176237 3.9648476 -1.8510524 14.6352701 0.0081472 0.2698549 0.0172973 0.9627112
1700005028.197840 4.0112648 -1.8612975 14.7137852 0.0091177 0.2717595 0.0148766 0.9622070
1700005029.176156 4.0579185 -1.8714867 14.7894335 0.0094919 0.2730322 0.0131870 0.9618677
1700005030.176193 4.1042762 -1.8819610 14.8629045 0.0091218 0.2742603 0.0131475 0.9615223
1700005031.176167 4.1504946 -1.8923608 14.9365606 0.0087457 0.2754800 0.0123901 0.9611872
1700005032.176216 4.1964283 -1.9024185 15.0093670 0.0088806 0.2767026 0.0112000 0.9608493
1700005033.176315 4.2409215 -1.9118961 15.0793486 0.0090183 0.2780837 0.0113934 0.9604470
